0,1,2,3,4,5,6,7,8,9,10,11
0.0,0.0,0.0,0.0,0.0,0.0,0.0,0.0,0.0,52.5,47.5,0.0
80.0,10.0,0.0,0.0,0.0,0.0,10.0,0.0,0.0,0.0,0.0,0.0
70.09,0.0,0.0,0.0,0.0,0.0,22.59,0.0,7.32,0.0,0.0,0.0
80.0,0.0,0.0,0.0,0.0,0.0,20.0,0.0,0.0,0.0,0.0,0.0
79.0,0.0,0.0,0.0,0.0,0.0,0.0,21.0,0.0,0.0,0.0,0.0
67.06,0.0,15.11,0.0,0.0,0.0,17.83,0.0,0.0,0.0,0.0,0.0
73.03,0.0,0.0,0.0,0.0,0.0,13.21,0.0,0.0,13.75,0.0,0.0
61.9,0.0,19.4,0.0,0.0,0.0,18.7,0.0,0.0,0.0,0.0,0.0
72.3,0.0,0.0,0.0,0.0,0.0,9.18,18.52,0.0,0.0,0.0,0.0
58.0,0.0,11.5,0.0,0.0,0.0,17.5,3.0,9.6,0.4,0.0,0.0
26.32,0.0,0.0,0.0,0.0,0.0,8.77,0.0,0.0,0.0,0.0,64.91
100.0,0.0,0.0,0.0,0.0,0.0,0.0,0.0,0.0,0.0,0.0,0.0
0.0,0.0,0.0,0.0,20.0,0.0,5.0,15.0,0.0,0.0,60.0,0.0
49.64,0.0,11.04,0.0,0.0,0.0,0.0,0.0,14.35,24.97,0.0,0.0
70.5,0.0,0.35,0.0,0.006,0.0,13.1,0.13,5.73,10.19,0.0,0.0
49.46,0.0,0.0,0.0,0.0,0.0,6.6,6.6,0.0,36.27,1.07,0.0
0.0,0.0,0.0,0.0,20.0,0.0,0.0,0.0,0.0,0.0,80.0,0.0
0.0,0.0,0.0,0.0,0.0,0.0,56.97,0.0,0.0,0.0,43.03,0.0
45.6,0.0,10.5,0.0,0.0,0.0,0.0,0.0,0.0,43.9,0.0,0.0
64.0,0.0,18.0,0.0,0.0,0.0,18.0,0.0,0.0,0.0,0.0,0.0
78.0,0.0,0.0,0.0,2.0,0.0,20.0,0.0,0.0,0.0,0.0,0.0
0.0,86.87,0.0,0.0,0.0,0.0,0.0,0.0,0.0,0.0,13.13,0.0
58.01,0.0,0.0,0.0,0.0,0.0,0.0,9.72,0.0,29.74,0.0,2.53
66.65,0.0,11.65,0.0,0.0,0.0,8.46,0.0,8.62,4.62,0.0,0.0
0.0,0.0,19.0,0.0,0.0,0.0,18.0,0.0,0.0,0.0,63.0,0.0
78.0,0.0,0.0,0.0,9.0,0.0,13.0,0.0,0.0,0.0,0.0,0.0
73.31,0.0,0.12,0.0,0.0,0.0,3.93,11.5,0.0,11.13,0.0,0.0
83.33,0.0,0.0,0.0,0.0,0.0,16.67,0.0,0.0,0.0,0.0,0.0
64.3,0.0,9.1,0.0,0.0,0.0,14.2,1.8,6.2,3.9,0.5,0.0
10.0,0.0,36.0,0.0,0.0,0.0,0.0,0.0,0.0,54.0,0.0,0.0
66.69,0.0,0.0,0.0,0.0,0.0,33.31,0.0,0.0,0.0,0.0,0.0
64.8,0.0,10.2,0.0,0.0,0.0,25.0,0.0,0.0,0.0,0.0,0.0
35.4,0.0,0.0,0.0,0.0,0.0,0.0,0.0,0.0,55.7,8.9,0.0
63.77,0.0,0.0,0.0,0.0,0.0,15.94,0.0,20.29,0.0,0.0,0.0
4.0,0.0,30.0,0.0,0.0,0.0,0.0,0.0,9.0,57.0,0.0,0.0
71.32,0.083,1.51,0.0,0.086,0.0,12.64,1.22,4.12,9.03,0.0,0.0
0.0,0.0,0.0,0.0,0.0,0.0,58.6,0.0,0.0,0.0,41.4,0.0
66.7,0.0,16.34,0.0,0.12,0.0,8.39,0.0,0.0,8.44,0.0,0.0
0.0,0.0,0.0,0.0,20.0,0.0,0.0,0.0,0.0,12.0,68.0,0.0
0.0,0.0,0.0,0.0,0.0,0.0,15.0,0.0,10.0,30.0,45.0,0.0
49.67,2.36,11.03,0.0,0.0,0.0,1.6,0.0,12.95,22.39,0.0,0.0
0.0,0.0,20.0,0.0,0.0,0.0,0.0,40.0,0.0,0.0,40.0,0.0
0.0,0.0,0.0,0.0,4.0,0.0,11.0,0.0,22.0,17.0,46.0,0.0
76.3,0.63,8.16,4.06,0.0,0.0,1.55,1.68,3.84,3.78,0.0,0.0
53.38,0.0,1.69,0.0,0.0,0.0,1.69,0.0,0.0,43.24,0.0,0.0
0.0,0.0,0.0,0.0,37.0,0.0,3.0,0.0,0.0,0.0,60.0,0.0
75.0,0.0,0.0,0.0,0.0,0.0,15.0,0.0,5.0,5.0,0.0,0.0
50.7,0.0,10.02,0.0,0.0,0.0,0.0,0.0,0.0,39.29,0.0,0.0
0.0,0.0,0.0,0.0,0.0,0.0,0.0,0.0,0.0,51.1,48.9,0.0
0.0,0.0,0.0,0.0,20.0,0.0,0.0,20.0,0.0,0.0,60.0,0.0
0.0,0.0,0.0,0.0,0.0,0.0,0.0,0.0,0.0,0.0,84.8,15.2
0.0,0.0,0.0,0.0,0.0,0.0,0.0,0.0,16.0,0.0,84.0,0.0
77.37,0.0,0.0,0.0,0.0,0.0,1.67,20.96,0.0,0.0,0.0,0.0
68.38,0.0,0.0,0.0,0.0,0.0,8.13,1.42,8.58,10.93,2.57,0.0
66.59,0.0,0.0,0.0,0.0,0.0,13.41,20.0,0.0,0.0,0.0,0.0
39.0,23.2,0.0,0.0,0.0,0.0,37.8,0.0,0.0,0.0,0.0,0.0
95.01,0.0,0.0,0.0,0.0,0.0,0.0,0.0,0.0,0.0,0.0,4.99
0.0,60.0,0.0,0.0,0.0,0.0,0.0,0.0,0.0,0.0,40.0,0.0
42.0,0.0,0.0,0.0,0.0,0.0,0.0,18.0,0.0,34.0,6.0,0.0
76.11,0.0,1.74,0.0,0.0,0.0,3.54,3.77,14.84,0.0,0.0,0.0
74.97,0.0,0.0,0.0,0.0,0.0,0.0,21.91,0.0,3.13,0.0,0.0
0.0,0.0,9.1,0.0,0.0,0.0,36.6,0.0,0.0,0.0,54.3,0.0
60.0,0.0,20.0,0.0,0.0,0.0,0.0,0.0,0.0,20.0,0.0,0.0
74.19,0.0,0.0,0.0,0.0,0.0,25.81,0.0,0.0,0.0,0.0,0.0
68.92,0.0,0.0,0.0,0.0,0.0,13.81,13.82,0.0,3.45,0.0,0.0
62.99,0.0,0.0,0.0,0.0,0.0,16.65,0.0,14.22,6.14,0.0,0.0
0.0,0.0,0.0,0.0,0.0,0.0,50.0,0.0,0.0,0.0,50.0,0.0
0.0,0.0,10.0,0.0,0.0,0.0,30.0,0.0,0.0,0.0,60.0,0.0
54.99,0.0,0.0,0.0,4.38,0.0,0.0,0.0,0.0,0.0,40.63,0.0
98.93,0.0,0.0,0.0,0.0,0.0,0.0,0.0,0.0,0.0,1.07,0.0
52.08,0.0,5.21,0.0,0.0,0.0,42.71,0.0,0.0,0.0,0.0,0.0
71.66,0.0,0.0,0.0,0.0,0.0,6.95,0.0,21.39,0.0,0.0,0.0
50.0,0.0,7.5,0.0,0.0,0.0,42.5,0.0,0.0,0.0,0.0,0.0
72.33,0.0,0.99,0.0,0.0,0.0,12.49,0.44,5.47,8.28,0.0,0.0
60.0,0.0,0.0,0.0,0.0,0.0,20.0,0.0,0.0,20.0,0.0,0.0
66.22,0.0,1.2,0.0,0.0,0.0,17.24,3.19,0.76,11.39,0.0,0.0
56.86,0.0,16.52,0.0,0.0,0.0,16.52,0.0,3.6,0.0,6.51,0.0
0.0,0.0,15.0,0.0,5.0,0.0,20.0,0.0,0.0,0.0,60.0,0.0
66.7,0.0,0.0,0.0,0.0,0.0,8.3,25.0,0.0,0.0,0.0,0.0
0.0,0.0,0.0,0.0,0.0,0.0,15.0,0.0,0.0,40.0,45.0,0.0
0.0,0.0,0.0,0.0,0.0,0.0,43.9,0.0,0.0,0.0,56.1,0.0
0.0,0.0,0.0,0.0,0.0,4.86,45.29,0.0,0.0,0.0,49.85,0.0
80.24,0.0,0.0,0.0,0.0,0.0,19.76,0.0,0.0,0.0,0.0,0.0
78.71,0.0,0.0,0.0,0.0,0.0,0.0,10.04,0.0,11.25,0.0,0.0
57.0,0.0,12.0,0.0,0.0,0.0,23.5,0.0,7.2,0.3,0.0,0.0
69.08,7.91,0.0,0.0,0.0,0.0,0.0,23.01,0.0,0.0,0.0,0.0
100.0,0.0,0.0,0.0,0.0,0.0,0.0,0.0,0.0,0.0,0.0,0.0
68.27,0.0,15.32,0.0,0.0,0.0,0.0,0.0,0.0,16.41,0.0,0.0
74.99,0.0,0.0,0.0,0.0,0.0,0.0,8.34,16.67,0.0,0.0,0.0
0.0,0.0,9.11,0.0,0.0,0.0,18.22,18.22,0.0,0.0,54.45,0.0
0.0,0.0,11.4,0.0,0.0,0.0,33.38,0.0,0.0,0.0,55.22,0.0
66.7,0.0,0.0,0.0,0.0,0.0,20.8,12.5,0.0,0.0,0.0,0.0
50.0,0.0,25.5,0.0,0.0,0.0,0.0,0.0,24.5,0.0,0.0,0.0
71.43,0.0,0.0,0.0,0.0,0.0,11.9,10.71,0.0,5.95,0.0,0.0
79.64,0.0,0.6,0.0,0.0,0.0,11.31,2.59,1.51,4.35,0.0,0.0
40.0,0.0,6.0,0.0,0.0,0.0,0.0,0.0,0.0,54.0,0.0,0.0
0.0,0.0,21.41,0.0,0.0,0.0,0.0,42.83,0.0,0.0,35.76,0.0
86.0,0.0,0.0,0.0,0.0,0.0,14.0,0.0,0.0,0.0,0.0,0.0
100.0,0.0,0.0,0.0,0.0,0.0,0.0,0.0,0.0,0.0,0.0,0.0
100.0,0.0,0.0,0.0,0.0,0.0,0.0,0.0,0.0,0.0,0.0,0.0
60.0,0.0,15.0,0.0,0.0,0.0,0.0,0.0,0.0,25.0,0.0,0.0
0.0,0.0,0.0,0.0,0.0,0.0,0.0,0.0,40.0,0.0,60.0,0.0
49.82,0.0,0.0,0.0,0.0,0.0,0.0,0.0,24.91,25.18,0.087,0.0
55.43,0.0,22.7,0.0,0.0,0.0,2.53,0.0,0.0,19.34,0.0,0.0
50.0,0.0,25.0,0.0,0.0,0.0,25.0,0.0,0.0,0.0,0.0,0.0
99.9,0.0,0.1,0.0,0.0,0.0,0.0,0.0,0.0,0.0,0.0,0.0
60.4,0.0,7.2,0.0,0.0,0.0,0.0,32.4,0.0,0.0,0.0,0.0
70.6,0.0,3.2,0.0,0.0,0.0,10.0,3.3,12.9,0.0,0.0,0.0
72.75,0.0,1.18,0.0,0.04,0.0,13.07,0.0,4.76,8.2,0.0,0.0
54.0,0.0,11.7,0.0,0.0,24.6,9.7,0.0,0.0,0.0,0.0,0.0
80.0,0.0,0.0,0.0,0.0,0.0,14.0,0.0,6.0,0.0,0.0,0.0
69.82,0.0,0.0,0.0,0.0,0.0,18.89,0.0,7.3,3.99,0.0,0.0
63.68,0.0,0.0,0.0,0.0,0.0,13.57,0.0,0.0,22.75,0.0,0.0
65.0,0.0,5.0,0.0,0.0,0.0,0.0,0.0,0.0,30.0,0.0,0.0
50.0,0.0,25.0,0.0,0.0,0.0,25.0,0.0,0.0,0.0,0.0,0.0
77.02,0.0,1.71,0.0,0.0,0.0,21.27,0.0,0.0,0.0,0.0,0.0
50.0,0.0,25.0,0.0,0.0,0.0,15.0,1.0,0.0,0.0,9.0,0.0
67.41,0.0,7.97,0.0,2.13,0.0,0.0,7.85,7.27,7.37,0.0,0.0
60.0,0.0,9.3,0.0,0.0,0.0,21.0,0.0,9.3,0.4,0.0,0.0
50.0,5.0,15.0,0.0,0.0,0.0,0.0,0.0,0.0,30.0,0.0,0.0
75.0,0.0,0.0,0.0,0.0,0.0,7.5,7.5,0.0,10.0,0.0,0.0
47.29,0.0,16.24,0.0,0.0,0.0,0.0,0.0,15.08,21.39,0.0,0.0
72.0,0.0,0.0,0.0,0.0,0.0,9.9,0.0,0.36,17.74,0.0,0.0
65.0,0.0,0.0,0.0,0.0,0.0,17.5,17.5,0.0,0.0,0.0,0.0
0.0,0.0,19.1,0.0,0.0,0.0,51.3,0.0,0.0,0.0,29.6,0.0
65.0,0.0,10.0,0.0,0.0,0.0,5.0,20.0,0.0,0.0,0.0,0.0
67.5,0.0,0.0,0.0,0.0,0.0,2.5,0.0,0.0,30.0,0.0,0.0
78.02,0.084,7.61,0.58,0.0,0.06,4.0,3.09,0.12,0.63,0.0,5.81
80.53,0.0,0.11,0.0,1.94,0.0,17.42,0.0,0.0,0.0,0.0,0.0
81.61,0.54,7.28,3.46,0.0,0.0,1.63,1.67,2.43,1.37,0.0,0.0
75.58,0.0,0.0,0.0,0.0,0.0,24.42,0.0,0.0,0.0,0.0,0.0
96.2,3.8,0.0,0.0,0.0,0.0,0.0,0.0,0.0,0.0,0.0,0.0
58.5,0.0,10.0,0.0,0.0,0.0,21.0,0.3,9.8,0.4,0.0,0.0
40.47,0.0,11.92,0.0,0.0,0.0,0.0,0.0,15.08,32.52,0.0,0.0
0.0,0.0,0.0,0.0,4.0,0.0,16.0,0.0,0.0,30.0,50.0,0.0
66.65,0.0,0.0,0.0,0.0,0.0,22.2,0.0,0.0,0.0,0.0,11.15
44.0,0.0,6.0,0.0,0.0,0.0,0.0,0.0,0.0,50.0,0.0,0.0
71.53,0.0,0.9,0.0,0.0,0.0,12.69,0.5,5.99,8.39,0.0,0.0
57.03,0.0,0.0,0.0,0.0,0.0,0.0,10.03,0.0,32.94,0.0,0.0
56.34,0.0,0.0,0.0,0.0,0.0,43.66,0.0,0.0,0.0,0.0,0.0
0.0,0.0,0.0,0.0,0.0,0.0,0.0,0.0,51.5,0.0,48.5,0.0
50.81,0.0,0.0,0.0,0.0,0.0,49.19,0.0,0.0,0.0,0.0,0.0
50.8,0.0,24.5,0.0,0.0,0.0,0.0,0.0,0.0,24.7,0.0,0.0
7.0,0.0,0.0,0.0,0.0,0.0,37.0,0.0,0.0,0.0,56.0,0.0
77.42,0.0,3.23,0.0,0.0,0.0,12.9,0.0,0.0,6.45,0.0,0.0
95.0,0.0,0.0,0.0,0.0,0.0,2.1,2.9,0.0,0.0,0.0,0.0
66.99,0.0,15.28,0.0,0.0,17.73,0.0,0.0,0.0,0.0,0.0,0.0
68.2,0.0,0.0,0.0,0.0,0.0,0.0,31.8,0.0,0.0,0.0,0.0
100.0,0.0,0.0,0.0,0.0,0.0,0.0,0.0,0.0,0.0,0.0,0.0
57.03,0.0,14.09,0.0,0.0,0.0,28.88,0.0,0.0,0.0,0.0,0.0
60.0,0.0,0.0,0.0,0.0,0.0,40.0,0.0,0.0,0.0,0.0,0.0
15.0,0.0,0.0,0.0,0.0,0.0,0.0,0.0,0.0,42.5,42.5,0.0
0.0,7.0,0.0,0.0,0.0,0.0,3.0,0.0,0.0,40.0,50.0,0.0
82.4,0.0,0.0,0.0,0.0,0.0,8.8,8.8,0.0,0.0,0.0,0.0
65.0,0.0,0.0,0.0,0.0,0.0,15.0,0.0,0.0,20.0,0.0,0.0
39.8,0.0,29.4,0.0,0.0,0.0,0.0,0.0,0.0,30.8,0.0,0.0
0.0,10.0,21.4,0.0,0.0,0.0,0.0,42.8,0.0,0.0,25.8,0.0
76.0,0.0,0.0,0.0,2.0,0.0,22.0,0.0,0.0,0.0,0.0,0.0
0.0,0.0,0.0,0.0,0.0,0.0,18.0,4.5,0.0,30.5,47.0,0.0
67.0,0.0,0.0,0.0,0.0,0.0,29.7,0.0,0.0,3.3,0.0,0.0
0.0,0.0,0.0,0.0,0.0,0.0,0.0,0.0,50.0,0.0,50.0,0.0
82.0,0.0,0.0,0.0,6.0,0.0,12.0,0.0,0.0,0.0,0.0,0.0
10.0,0.0,0.0,0.0,22.5,0.0,0.0,0.0,0.0,0.0,67.5,0.0
75.0,0.0,0.0,0.0,0.0,0.0,25.0,0.0,0.0,0.0,0.0,0.0
49.56,1.5,8.17,0.0,0.0,0.0,6.73,1.89,13.3,15.93,0.0,2.91
0.0,0.0,0.0,0.0,0.0,0.0,50.0,0.0,0.0,0.0,50.0,0.0
75.94,0.0,0.0,0.0,0.0,0.0,15.5,0.0,0.0,8.56,0.0,0.0
0.0,0.0,0.0,0.0,25.0,0.0,0.0,0.0,0.0,0.0,75.0,0.0
3.0,7.0,0.0,0.0,0.0,0.0,0.0,0.0,0.0,40.0,50.0,0.0
29.75,0.0,0.0,70.25,0.0,0.0,0.0,0.0,0.0,0.0,0.0,0.0
70.0,0.0,0.0,0.0,0.0,0.0,30.0,0.0,0.0,0.0,0.0,0.0
49.0,0.0,0.0,0.0,25.0,10.0,16.0,0.0,0.0,0.0,0.0,0.0
46.0,0.0,0.0,0.0,0.0,0.0,8.3,0.0,0.0,0.0,0.0,45.7
46.0,0.0,13.0,0.0,0.0,0.0,0.0,0.0,41.0,0.0,0.0,0.0
48.8,0.0,7.3,0.0,0.0,43.9,0.0,0.0,0.0,0.0,0.0,0.0
70.0,0.0,0.0,0.0,0.0,0.0,10.0,0.0,20.0,0.0,0.0,0.0
0.0,0.0,0.0,0.0,10.0,0.0,0.0,0.0,0.0,0.0,90.0,0.0
78.0,0.0,2.0,0.0,0.0,0.0,15.0,0.0,4.0,1.0,0.0,0.0
59.37,0.0,8.24,0.0,4.7,0.0,3.51,0.0,9.73,14.45,0.0,0.0
80.0,0.0,0.0,0.0,0.0,0.0,15.0,0.0,0.0,5.0,0.0,0.0
82.34,0.1,8.57,0.6,0.0,0.05,3.86,0.0,0.13,0.98,0.0,3.37
43.1,20.3,0.0,0.0,0.0,0.0,36.6,0.0,0.0,0.0,0.0,0.0
95.0,0.0,0.0,0.0,0.0,0.0,1.1,3.9,0.0,0.0,0.0,0.0
82.0,0.0,0.0,0.0,8.0,0.0,10.0,0.0,0.0,0.0,0.0,0.0
0.0,0.0,0.0,0.0,0.0,0.0,0.0,0.0,55.0,0.0,45.0,0.0
43.05,0.0,6.7,0.0,0.0,0.0,22.71,0.0,0.0,25.11,2.43,0.0
67.5,0.0,2.5,0.0,0.0,0.0,14.4,0.6,12.0,3.0,0.0,0.0
70.0,0.0,10.0,0.0,0.0,0.0,20.0,0.0,0.0,0.0,0.0,0.0
100.0,0.0,0.0,0.0,0.0,0.0,0.0,0.0,0.0,0.0,0.0,0.0
56.1,0.0,9.35,0.0,0.0,0.0,9.35,0.0,0.0,0.0,0.0,25.2
65.9,0.75,11.17,2.42,1.41,0.092,4.44,0.81,5.42,6.43,0.07400000000000001,1.09
74.63,0.0,0.13,0.0,0.0,0.0,0.0,14.42,0.0,10.82,0.0,0.0
67.5,0.0,0.0,0.0,0.0,0.0,5.4,10.2,16.9,0.0,0.0,0.0
48.0,0.0,20.0,0.0,0.0,0.0,16.0,0.0,0.0,16.0,0.0,0.0
66.7,0.0,0.0,0.0,0.0,0.0,0.0,33.3,0.0,0.0,0.0,0.0
40.0,0.0,15.0,0.0,0.0,0.0,0.0,0.0,0.0,45.0,0.0,0.0
47.5,30.0,0.0,0.0,0.0,0.0,22.5,0.0,0.0,0.0,0.0,0.0
70.0,0.0,0.0,0.0,0.0,0.0,15.0,2.0,0.0,13.0,0.0,0.0
12.5,0.0,35.0,0.0,0.0,0.0,0.0,0.0,0.0,52.5,0.0,0.0
76.58,0.0,0.58,0.0,0.0,0.0,3.06,5.04,13.68,1.06,0.0,0.0
0.0,13.64,0.0,0.0,0.0,0.0,9.09,0.0,0.0,31.82,45.45,0.0
83.0,0.0,0.0,0.0,0.0,0.0,8.0,9.0,0.0,0.0,0.0,0.0
65.44,0.0,0.0,0.0,0.0,0.0,0.0,22.88,11.68,0.0,0.0,0.0
67.55,0.0,11.13,0.0,0.0,0.0,5.43,5.54,0.0,0.0,0.0,10.35
49.02,0.0,13.07,0.0,0.0,0.0,0.0,0.0,37.82,0.09,0.0,0.0
79.89,0.0,0.6,0.0,0.0,0.0,14.31,2.6,1.52,1.09,0.0,0.0
61.15,0.0,0.0,0.0,0.0,0.0,0.0,13.52,0.0,25.32,0.0,0.0
45.07,0.0,0.0,0.0,0.0,0.0,38.84,0.0,0.0,16.1,0.0,0.0
0.0,0.0,9.3,0.0,0.0,0.0,14.6,0.0,0.0,22.0,54.1,0.0
50.0,0.0,25.0,0.0,0.0,0.0,0.0,0.0,0.0,25.0,0.0,0.0
72.99,0.0,0.0,0.0,0.0,0.0,23.62,0.0,0.0,3.39,0.0,0.0
81.4,0.0,0.0,0.0,0.0,0.0,0.0,18.6,0.0,0.0,0.0,0.0
75.85,0.0,0.36,0.0,0.0,0.0,9.6,2.51,0.0,11.69,0.0,0.0
0.0,0.0,10.0,0.0,0.0,0.0,46.4,0.0,0.0,0.0,43.6,0.0
84.25,15.75,0.0,0.0,0.0,0.0,0.0,0.0,0.0,0.0,0.0,0.0
70.95,0.0,1.16,0.0,0.0,0.0,11.46,0.63,7.35,8.45,0.0,0.0
0.0,0.0,0.0,0.0,0.0,0.0,25.0,0.0,0.0,0.0,75.0,0.0
0.0,0.0,12.5,0.0,0.0,0.0,0.0,0.0,25.0,0.0,62.5,0.0
55.5,0.0,0.0,0.0,25.0,7.5,12.0,0.0,0.0,0.0,0.0,0.0
71.59,0.0,0.0,0.0,0.0,0.0,11.37,0.0,0.0,17.04,0.0,0.0
65.0,0.0,15.0,0.0,0.0,0.0,20.0,0.0,0.0,0.0,0.0,0.0
69.5,0.0,1.56,0.0,0.0,0.0,22.8,0.0,0.0,6.14,0.0,0.0
77.0,0.0,0.0,0.0,0.0,0.0,0.0,23.0,0.0,0.0,0.0,0.0
69.0,0.0,0.0,0.0,0.0,0.0,31.0,0.0,0.0,0.0,0.0,0.0
79.84,0.0,20.16,0.0,0.0,0.0,0.0,0.0,0.0,0.0,0.0,0.0
75.18,0.0,0.0,0.0,0.0,0.0,0.0,24.82,0.0,0.0,0.0,0.0
0.0,0.0,0.0,0.0,28.0,0.0,16.0,0.0,0.0,0.0,56.0,0.0
70.85,0.0,11.22,0.0,0.0,0.0,17.93,0.0,0.0,0.0,0.0,0.0
73.21,0.0,13.27,0.0,0.0,0.0,11.1,0.0,0.0,2.43,0.0,0.0
61.0,0.25,9.66,0.0,0.12,0.0,0.049,0.15,16.8,11.98,0.0,0.0
75.0,0.0,0.0,0.0,0.0,0.0,20.0,0.0,5.0,0.0,0.0,0.0
70.0,0.0,0.0,0.0,0.0,0.0,30.0,0.0,0.0,0.0,0.0,0.0
0.0,0.0,10.1,0.0,0.0,0.0,41.7,0.0,0.0,0.0,48.2,0.0
60.0,0.0,9.3,0.0,0.0,0.0,19.4,0.6,10.3,0.4,0.0,0.0
61.31,0.0,10.13,0.0,0.0,0.0,10.3,0.0,0.0,0.0,0.0,18.26
61.6,0.0,19.2,0.0,0.0,0.0,19.2,0.0,0.0,0.0,0.0,0.0
75.0,5.0,0.0,0.0,0.0,0.0,20.0,0.0,0.0,0.0,0.0,0.0
0.0,0.0,0.0,0.0,4.0,0.0,40.0,0.0,0.0,0.0,56.0,0.0
55.02,0.0,5.25,0.0,0.0,0.0,0.0,5.26,17.2,17.27,0.0,0.0
83.24,0.0,2.01,0.0,0.0,0.0,9.82,0.0,4.93,0.0,0.0,0.0
75.0,0.0,0.0,0.0,0.0,0.0,25.0,0.0,0.0,0.0,0.0,0.0
0.0,25.0,0.0,0.0,0.0,0.0,0.0,0.0,40.0,0.0,35.0,0.0
0.0,66.0,0.0,0.0,0.0,0.0,0.0,0.0,0.0,0.0,34.0,0.0
10.0,0.0,30.0,0.0,0.0,0.0,0.0,0.0,0.0,60.0,0.0,0.0
60.01,0.0,9.7,0.0,0.0,0.0,0.0,0.0,30.3,0.0,0.0,0.0
0.0,0.0,0.0,0.0,20.0,0.0,20.0,0.0,0.0,0.0,60.0,0.0
33.33,0.0,0.0,0.0,0.0,0.0,66.67,0.0,0.0,0.0,0.0,0.0
0.0,2.5,0.0,0.0,0.0,0.0,47.5,0.0,0.0,0.0,50.0,0.0
50.97,0.0,0.0,0.0,0.0,0.0,0.0,8.54,0.0,26.13,0.0,14.36
69.0,0.4,10.54,0.0,0.0,0.0,6.95,2.3,4.66,6.15,0.0,0.0
76.0,0.3,8.5,0.0,0.0,0.0,10.6,1.1,3.0,0.5,0.0,0.0
67.0,0.0,16.5,0.0,0.0,0.0,8.25,8.25,0.0,0.0,0.0,0.0
50.0,0.0,9.13,0.0,0.0,0.0,0.0,0.0,15.87,25.0,0.0,0.0
72.07,0.0,6.09,0.0,0.013999999999999999,0.0,21.47,0.0,0.0,0.36,0.0,0.0
50.0,0.0,25.0,0.0,0.0,0.0,0.0,0.0,0.0,25.0,0.0,0.0
71.0,0.0,21.0,0.0,0.0,0.0,0.0,0.0,0.0,0.0,8.0,0.0
58.23,0.0,0.0,0.0,0.0,0.0,39.27,0.0,0.0,2.5,0.0,0.0
0.0,5.0,5.0,0.0,0.0,0.0,20.0,0.0,0.0,20.0,50.0,0.0
84.9,0.0,0.0,0.0,0.0,0.0,15.1,0.0,0.0,0.0,0.0,0.0
95.0,0.0,0.0,0.0,0.0,0.0,3.0,2.0,0.0,0.0,0.0,0.0
66.63,0.0,0.0,0.0,0.0,0.0,13.36,13.36,0.0,6.66,0.0,0.0
86.64,0.0,6.67,0.0,0.0,0.0,0.0,6.69,0.0,0.0,0.0,0.0
64.69,0.0,8.95,0.0,0.0,0.0,0.0,0.0,1.5,24.86,0.0,0.0
62.58,0.0,5.31,0.0,0.0,0.0,0.0,0.0,0.0,0.0,32.11,0.0
57.49,3.97,15.86,0.0,0.0,0.0,16.16,0.0,0.02,0.05,6.45,0.0
77.6,3.0,0.0,0.0,0.0,0.0,19.4,0.0,0.0,0.0,0.0,0.0
66.67,0.0,0.0,0.0,0.0,0.0,28.43,0.0,0.0,4.9,0.0,0.0
51.28,0.0,28.21,0.0,0.0,0.0,0.0,0.0,0.0,20.51,0.0,0.0
48.66,0.0,0.0,0.0,0.0,0.0,0.0,23.3,0.0,28.04,0.0,0.0
50.94,8.29,20.38,0.0,0.0,0.0,0.0,0.0,20.39,0.0,0.0,0.0
76.0,0.0,0.0,0.0,8.0,0.0,16.0,0.0,0.0,0.0,0.0,0.0
82.14,0.098,8.55,0.0,0.34,0.046,4.21,3.47,0.14,1.01,0.0,0.0
95.0,0.0,0.0,0.0,0.0,0.0,5.0,0.0,0.0,0.0,0.0,0.0
50.0,0.0,23.0,0.0,0.0,0.0,14.0,2.0,0.0,0.0,11.0,0.0
74.97,0.0,0.0,0.0,0.0,0.0,12.55,0.0,0.0,12.48,0.0,0.0
46.1,0.0,0.0,0.0,0.0,0.0,0.0,24.4,0.0,26.9,2.6,0.0
68.67,0.0,2.96,0.0,0.0,0.0,14.62,0.064,6.15,7.54,0.0,0.0
0.0,0.0,0.0,0.0,0.0,0.0,40.1,10.9,0.0,0.0,49.0,0.0
0.0,0.0,16.08,0.0,0.0,0.0,17.84,0.0,0.0,0.0,66.08,0.0
50.0,0.0,2.5,0.0,0.0,0.0,47.5,0.0,0.0,0.0,0.0,0.0
0.0,0.0,0.0,0.0,0.0,0.0,0.0,0.0,0.0,51.0,49.0,0.0
61.0,0.0,8.5,0.0,0.0,0.0,20.9,0.6,8.6,0.4,0.0,0.0
95.0,0.0,0.0,0.0,0.0,0.0,5.0,0.0,0.0,0.0,0.0,0.0
65.0,0.0,7.5,0.0,2.5,0.0,0.0,0.0,2.5,22.5,0.0,0.0
76.0,0.0,0.0,0.0,0.0,0.0,20.0,4.0,0.0,0.0,0.0,0.0
85.0,0.0,0.0,0.0,0.0,0.0,0.0,0.0,0.0,0.0,15.0,0.0
100.0,0.0,0.0,0.0,0.0,0.0,0.0,0.0,0.0,0.0,0.0,0.0
59.52,0.0,13.74,0.0,0.0,0.0,11.28,4.86,10.55,0.05,0.0,0.0
0.0,0.0,14.8,0.0,0.0,0.0,50.5,0.0,0.0,0.0,34.7,0.0
0.0,0.0,8.41,5.11,0.0,0.0,22.52,0.0,0.0,27.03,36.94,0.0
40.0,20.0,15.0,0.0,0.0,0.0,0.0,0.0,0.0,25.0,0.0,0.0
75.31,0.0,0.0,5.83,10.14,0.0,8.71,0.0,0.0,0.0,0.0,0.0
74.87,0.0,1.49,0.0,0.03,0.0,13.28,0.0,0.0,10.33,0.0,0.0
70.0,0.0,5.0,0.0,0.0,0.0,25.0,0.0,0.0,0.0,0.0,0.0
0.0,0.0,0.0,0.0,35.0,0.0,0.0,0.0,0.0,0.0,65.0,0.0
77.0,0.0,0.0,0.0,0.0,0.0,13.9,0.0,0.0,9.1,0.0,0.0
40.0,0.0,15.0,0.0,0.0,0.0,0.0,0.0,10.0,35.0,0.0,0.0
69.25,0.0,4.76,0.0,0.0,0.0,25.43,0.0,0.0,0.56,0.0,0.0
57.02,0.0,13.79,0.0,0.0,0.0,8.52,3.36,2.95,14.36,0.0,0.0
70.0,0.0,0.0,0.0,0.0,0.0,20.0,0.0,10.0,0.0,0.0,0.0
80.0,0.0,0.0,0.0,0.0,0.0,20.0,0.0,0.0,0.0,0.0,0.0
74.0,0.0,0.0,0.0,0.0,0.0,16.0,0.0,0.0,10.0,0.0,0.0
76.13,0.0,6.65,0.0,0.027999999999999997,0.0,16.96,0.0,0.0,0.24,0.0,0.0
95.3,4.7,0.0,0.0,0.0,0.0,0.0,0.0,0.0,0.0,0.0,0.0
49.63,0.0,0.11,0.0,0.0,0.0,0.0,0.0,0.0,50.26,0.0,0.0
59.43,18.36,0.0,0.0,0.0,0.0,11.32,1.35,1.58,7.96,0.0,0.0
40.9,0.0,0.0,0.0,0.0,0.0,0.0,0.0,0.0,54.77,4.33,0.0
65.67,0.0,5.42,0.0,0.077,0.0,2.97,2.02,5.79,18.06,0.0,0.0
51.15,0.0,15.85,0.0,0.0,0.0,33.0,0.0,0.0,0.0,0.0,0.0
0.0,0.0,0.0,0.0,0.0,0.0,46.7,0.0,0.0,0.0,53.3,0.0
82.95,0.0,0.6,0.0,0.0,0.0,12.33,2.6,1.52,0.0,0.0,0.0
0.0,0.0,5.0,0.0,0.0,0.0,0.0,0.0,0.0,40.0,55.0,0.0
72.46,0.0,0.0,0.0,0.0,0.0,9.24,0.0,14.21,4.09,0.0,0.0
75.08,0.0,7.83,0.0,0.0,0.0,17.09,0.0,0.0,0.0,0.0,0.0
61.7,0.0,0.0,0.0,0.0,0.0,11.0,0.0,27.3,0.0,0.0,0.0
45.0,0.0,15.0,0.0,0.0,0.0,0.0,0.0,20.0,20.0,0.0,0.0
0.0,0.0,11.2,0.0,0.0,0.0,49.6,0.0,0.0,0.0,39.2,0.0
65.7,0.19,11.29,0.0,0.15,0.0,0.25,0.0,14.75,7.67,0.0,0.0
49.66,0.62,11.26,5.87,0.0,0.0,3.56,0.5,4.48,8.96,0.079,15.01
0.0,0.0,0.0,0.0,8.0,0.0,0.0,0.0,0.0,12.0,80.0,0.0
74.0,0.0,0.0,0.0,0.0,0.0,15.7,0.0,0.0,10.3,0.0,0.0
0.0,0.0,12.5,0.0,0.0,0.0,37.5,0.0,0.0,0.0,50.0,0.0
4.0,0.0,30.0,0.0,0.0,0.0,0.0,0.0,6.0,60.0,0.0,0.0
7.5,0.0,37.0,0.0,0.0,0.0,0.0,0.0,0.0,55.5,0.0,0.0
50.67,1.53,8.36,0.0,0.0,0.0,6.88,1.94,13.6,16.29,0.0,0.74
72.33,0.0,0.99,0.0,0.0,0.0,12.49,0.44,5.47,8.28,0.0,0.0
85.19,0.0,2.01,0.0,0.0,0.0,7.87,0.0,4.93,0.0,0.0,0.0
50.0,0.0,0.0,0.0,0.0,0.0,0.0,0.0,25.0,25.0,0.0,0.0
80.0,0.0,0.0,0.0,0.0,0.0,12.0,8.0,0.0,0.0,0.0,0.0
69.2,0.0,7.3,0.0,0.0,0.0,13.1,1.8,5.0,3.3,0.3,0.0
28.36,0.0,1.55,18.05,0.0,0.0,0.0,0.0,28.4,9.52,0.0,14.12
80.0,0.0,0.0,0.0,0.0,0.0,15.0,0.0,0.0,5.0,0.0,0.0
80.0,0.0,0.0,0.0,0.0,0.0,0.0,20.0,0.0,0.0,0.0,0.0
60.92,0.0,9.71,0.0,0.0,0.0,11.0,0.011000000000000001,0.0,0.0,0.0,18.36
80.2,0.0,0.0,0.0,0.0,0.0,19.72,0.0,0.0,0.0,0.0,0.08
66.6,0.0,17.7,0.0,0.0,0.0,0.0,0.0,0.0,15.7,0.0,0.0
50.0,0.0,25.0,0.0,0.0,0.0,25.0,0.0,0.0,0.0,0.0,0.0
40.0,10.0,0.0,0.0,0.0,0.0,0.0,0.0,0.0,50.0,0.0,0.0
0.0,0.0,0.0,0.0,0.0,0.0,0.0,0.0,0.0,49.0,51.0,0.0
0.0,0.0,15.76,0.0,0.0,0.0,42.24,0.0,0.0,0.0,42.0,0.0
0.0,0.0,0.0,0.0,0.0,0.0,0.0,45.0,0.0,0.0,55.0,0.0
75.0,0.0,0.0,0.0,0.0,0.0,25.0,0.0,0.0,0.0,0.0,0.0
82.0,0.0,0.0,0.0,0.0,0.0,18.0,0.0,0.0,0.0,0.0,0.0
70.52,0.0,5.11,0.0,0.0,0.0,5.06,7.93,11.37,0.0,0.0,0.0
50.45,0.0,0.0,21.78,0.0,0.0,27.77,0.0,0.0,0.0,0.0,0.0
67.19,0.0,5.01,0.0,1.34,0.0,0.0,7.55,5.3,13.61,0.0,0.0
62.66,0.0,0.0,0.0,1.1,0.0,0.0,0.0,0.0,36.24,0.0,0.0
0.0,0.0,0.0,0.0,0.0,0.0,0.0,0.0,43.0,0.0,57.0,0.0
48.28,0.0,0.0,0.0,0.0,0.0,0.0,0.0,0.0,51.72,0.0,0.0
50.0,10.0,0.0,0.0,0.0,0.0,40.0,0.0,0.0,0.0,0.0,0.0
65.6,0.0,5.8,0.0,1.56,0.0,0.0,8.58,3.59,14.88,0.0,0.0
0.0,0.0,0.0,0.0,0.0,0.0,0.0,0.0,30.0,20.0,50.0,0.0
80.0,0.0,0.0,0.0,0.0,0.0,10.0,0.0,0.0,10.0,0.0,0.0
33.8,9.7,13.0,0.0,0.0,43.5,0.0,0.0,0.0,0.0,0.0,0.0
0.0,0.0,0.0,0.0,0.0,0.0,63.0,0.0,0.0,0.0,37.0,0.0
49.99,0.0,6.26,0.0,0.0,0.0,0.0,0.0,18.75,25.0,0.0,0.0
0.0,0.0,0.0,0.0,0.0,0.0,50.0,0.0,0.0,0.0,50.0,0.0
79.27,0.0,0.0,0.0,0.0,0.0,0.0,20.73,0.0,0.0,0.0,0.0
0.0,0.0,14.29,0.0,0.0,0.0,0.0,42.86,0.0,0.0,42.86,0.0
46.09,0.0,0.0,0.0,0.0,0.0,29.79,0.0,0.0,21.95,2.17,0.0
55.0,0.0,15.0,0.0,0.0,0.0,0.0,0.0,0.0,30.0,0.0,0.0
36.33,30.94,0.9,0.0,0.0,0.0,0.9,0.0,0.0,30.93,0.0,0.0
0.0,62.0,0.0,0.0,0.0,0.0,0.0,0.0,0.0,0.0,38.0,0.0
17.5,0.0,0.0,0.0,0.0,0.0,0.0,0.0,45.0,0.0,37.5,0.0
54.37,0.0,0.0,4.55,6.14,0.0,0.0,0.0,0.0,34.95,0.0,0.0
64.53,0.0,3.29,0.0,0.0,0.0,32.18,0.0,0.0,0.0,0.0,0.0
54.0,0.0,23.0,0.0,0.0,0.0,0.0,0.0,0.0,23.0,0.0,0.0
78.0,0.0,0.0,0.0,4.0,0.0,18.0,0.0,0.0,0.0,0.0,0.0
0.0,0.0,0.0,0.0,30.1,0.0,0.0,0.0,9.9,0.0,60.0,0.0
90.5,0.0,0.0,0.0,0.0,0.0,9.5,0.0,0.0,0.0,0.0,0.0
58.81,0.0,0.0,0.0,0.0,0.0,0.0,23.56,0.0,17.63,0.0,0.0
0.0,0.0,0.0,0.0,0.0,0.0,0.0,0.0,50.0,0.0,50.0,0.0
47.9,0.0,21.0,0.0,0.0,0.0,31.1,0.0,0.0,0.0,0.0,0.0
42.86,14.29,14.28,0.0,0.0,0.0,14.29,0.0,0.0,14.29,0.0,0.0
72.0,0.0,0.0,0.0,8.0,0.0,20.0,0.0,0.0,0.0,0.0,0.0
53.49,0.0,0.0,0.0,0.0,40.78,0.0,0.0,0.0,5.73,0.0,0.0
69.18,0.083,1.51,0.0,0.086,0.0,12.64,1.22,4.12,11.17,0.0,0.0
68.97,0.0,3.45,0.0,0.0,0.0,13.79,0.0,0.0,13.79,0.0,0.0
75.0,0.0,0.0,0.0,0.0,0.0,0.0,25.0,0.0,0.0,0.0,0.0
74.88,0.0,0.0,0.0,0.0,0.0,21.41,0.0,3.71,0.0,0.0,0.0
0.0,0.0,0.0,0.0,0.0,0.0,0.0,0.0,0.0,39.23,60.77,0.0
85.0,0.0,0.0,0.0,0.0,0.0,2.0,13.0,0.0,0.0,0.0,0.0
0.0,0.0,0.0,0.0,0.0,0.0,40.0,0.0,0.0,0.0,60.0,0.0
86.25,0.0,0.0,0.0,0.0,0.0,0.0,13.75,0.0,0.0,0.0,0.0
56.5,15.8,0.0,0.0,0.0,0.0,27.7,0.0,0.0,0.0,0.0,0.0
48.1,4.8,15.8,0.0,0.0,21.3,0.0,0.0,10.0,0.0,0.0,0.0
69.08,0.0,0.12,0.0,0.0,0.0,20.19,0.0,0.0,10.61,0.0,0.0
86.49,0.0,0.0,0.0,0.0,0.0,13.51,0.0,0.0,0.0,0.0,0.0
65.05,0.0,0.0,0.0,0.0,0.0,34.95,0.0,0.0,0.0,0.0,0.0
0.0,0.0,0.0,0.0,0.0,0.0,0.0,0.0,0.0,0.0,100.0,0.0
69.95,0.07,0.0,0.0,0.0,0.0,19.99,0.0,0.0,9.99,0.0,0.0
80.18,0.0,0.2,0.0,0.0,0.0,19.62,0.0,0.0,0.0,0.0,0.0
46.12,0.0,6.61,0.0,0.0,0.0,0.0,0.0,27.58,19.69,0.0,0.0
0.0,0.0,0.0,0.0,0.0,0.0,40.0,0.0,0.0,0.0,60.0,0.0
70.0,0.0,0.0,0.0,0.0,0.0,30.0,0.0,0.0,0.0,0.0,0.0
77.5,0.0,0.0,0.0,0.0,0.0,0.0,22.5,0.0,0.0,0.0,0.0
90.47,0.0,0.0,0.0,0.0,0.0,0.0,0.0,0.0,0.0,9.53,0.0
0.0,0.0,32.5,0.0,0.0,0.0,0.0,0.0,0.0,67.5,0.0,0.0
60.0,0.0,15.0,0.0,0.0,0.0,25.0,0.0,0.0,0.0,0.0,0.0
82.2,0.0,8.84,0.0,0.0,0.0,6.24,2.65,0.0,0.0,0.0,0.067
43.9,0.0,33.7,0.0,0.0,0.0,0.0,0.0,0.0,22.4,0.0,0.0
96.9,0.0,0.0,0.0,0.0,0.0,0.0,3.1,0.0,0.0,0.0,0.0
60.0,0.0,15.0,0.0,0.0,0.0,25.0,0.0,0.0,0.0,0.0,0.0
10.1,0.0,0.0,0.0,0.0,0.0,0.0,0.0,56.6,0.0,33.3,0.0
23.37,27.07,9.0,0.0,0.0,0.0,0.0,0.0,13.01,27.55,0.0,0.0
100.0,0.0,0.0,0.0,0.0,0.0,0.0,0.0,0.0,0.0,0.0,0.0
50.0,15.0,0.0,0.0,0.0,0.0,0.0,0.0,0.0,35.0,0.0,0.0
68.0,0.0,11.0,0.0,0.0,0.0,11.0,0.0,10.0,0.0,0.0,0.0
80.0,0.0,0.0,0.0,0.0,0.0,20.0,0.0,0.0,0.0,0.0,0.0
33.0,0.0,31.7,0.0,0.0,0.0,0.0,0.0,0.0,35.3,0.0,0.0
60.0,5.0,0.0,0.0,0.0,0.0,35.0,0.0,0.0,0.0,0.0,0.0
74.0,0.0,0.0,0.0,6.0,0.0,20.0,0.0,0.0,0.0,0.0,0.0
60.0,5.0,0.0,0.0,0.0,0.0,0.0,0.0,0.0,35.0,0.0,0.0
60.5,0.0,9.2,0.0,0.0,0.0,21.3,0.7,7.9,0.4,0.0,0.0
74.32,0.0,0.0,0.0,0.0,0.0,24.78,0.0,0.0,0.0,0.0,0.9
78.67,0.0,0.0,0.0,0.0,0.0,16.78,4.54,0.0,0.0,0.0,0.0
0.0,0.0,0.0,0.0,0.0,0.0,40.4,0.0,18.1,0.0,41.5,0.0
65.2,0.0,0.0,0.0,0.0,0.0,17.4,0.0,17.4,0.0,0.0,0.0
60.0,0.0,7.8,0.0,0.0,0.0,20.0,1.0,10.8,0.4,0.0,0.0
66.67,0.0,0.0,0.0,0.0,0.0,30.66,0.0,0.0,2.67,0.0,0.0
63.61,0.0,3.48,0.087,0.078,0.0,32.74,0.0,0.0,0.0,0.0,0.0
74.0,0.0,13.0,0.0,0.0,0.0,6.0,0.0,5.0,2.0,0.0,0.0
82.46,0.0,0.0,0.0,0.0,0.0,0.0,17.54,0.0,0.0,0.0,0.0
64.87,0.0,0.0,0.0,0.2,0.0,34.93,0.0,0.0,0.0,0.0,0.0
0.0,0.0,10.0,0.0,0.0,0.0,0.0,0.0,30.0,0.0,60.0,0.0
64.7,0.0,0.0,0.0,0.0,0.0,35.3,0.0,0.0,0.0,0.0,0.0
51.6,0.0,0.0,0.0,2.0,0.0,46.4,0.0,0.0,0.0,0.0,0.0
0.0,0.0,15.0,0.0,0.0,0.0,0.0,45.0,0.0,0.0,40.0,0.0
70.3,0.0,0.0,0.0,0.0,0.0,0.0,0.0,0.0,0.0,29.7,0.0
0.0,0.0,42.7,0.0,0.0,0.0,0.0,0.0,0.0,57.3,0.0,0.0
55.56,0.0,0.0,0.0,0.0,0.0,44.44,0.0,0.0,0.0,0.0,0.0
56.0,0.0,12.0,0.0,0.0,0.0,0.0,0.0,0.0,32.0,0.0,0.0
56.32,0.0,0.0,0.0,0.0,0.0,15.09,0.0,0.0,28.59,0.0,0.0
0.0,0.0,18.5,0.0,0.0,0.0,15.8,0.0,0.0,0.0,65.7,0.0
73.04,0.0,5.01,0.0,0.0,0.0,5.03,3.97,4.95,8.0,0.0,0.0
81.86,0.0,0.6,0.0,0.0,0.0,13.42,2.6,1.52,0.0,0.0,0.0
80.0,0.0,0.0,0.0,0.0,0.0,12.1,0.0,0.0,7.9,0.0,0.0
75.68,0.0,0.0,0.0,0.0,0.0,15.23,0.0,9.09,0.0,0.0,0.0
0.0,0.0,0.0,0.0,0.0,0.0,50.0,0.0,0.0,0.0,50.0,0.0
78.06,0.0,8.18,0.0,0.0,0.0,4.63,3.71,0.0,0.0,0.0,5.42
59.6,0.0,0.0,0.0,0.0,0.0,40.4,0.0,0.0,0.0,0.0,0.0
100.0,0.0,0.0,0.0,0.0,0.0,0.0,0.0,0.0,0.0,0.0,0.0
66.9,0.0,11.1,0.0,0.0,0.0,11.1,0.0,0.0,0.0,0.0,10.9
65.0,0.0,0.0,0.0,0.0,0.0,0.0,25.0,7.5,2.5,0.0,0.0
75.0,0.0,0.0,0.0,0.0,0.0,14.3,0.0,0.0,10.7,0.0,0.0
0.0,5.0,21.4,0.0,0.0,0.0,0.0,42.8,0.0,0.0,30.8,0.0
0.0,20.0,0.0,0.0,0.0,0.0,0.0,50.0,0.0,0.0,30.0,0.0
67.0,0.0,16.5,0.0,0.0,0.0,0.0,16.5,0.0,0.0,0.0,0.0
66.17,0.0,0.0,0.0,0.0,0.0,22.53,0.0,7.31,3.99,0.0,0.0
65.0,0.0,0.0,0.0,0.0,0.0,35.0,0.0,0.0,0.0,0.0,0.0
57.7,0.0,9.6,0.0,0.0,0.0,9.6,0.0,0.0,0.0,0.0,23.1
0.0,10.0,0.0,0.0,0.0,0.0,0.0,0.0,40.0,20.0,30.0,0.0
40.0,0.0,25.0,0.0,0.0,0.0,0.0,0.0,0.0,35.0,0.0,0.0
73.0,0.0,0.0,0.0,0.0,0.0,19.0,0.0,0.0,8.0,0.0,0.0
82.45,0.0,0.0,0.0,0.0,0.0,17.55,0.0,0.0,0.0,0.0,0.0
62.22,0.0,14.13,0.0,0.0,0.0,9.64,4.48,0.12,9.4,0.0,0.0
80.5,0.0,0.0,0.0,0.0,0.0,19.5,0.0,0.0,0.0,0.0,0.0
50.0,0.0,0.0,0.0,15.0,5.0,0.0,0.0,0.0,30.0,0.0,0.0
65.0,0.0,8.0,0.0,0.0,0.0,27.0,0.0,0.0,0.0,0.0,0.0
66.67,0.0,0.0,0.0,0.0,0.0,23.33,10.0,0.0,0.0,0.0,0.0
79.97,0.0,0.6,0.0,0.0,0.0,15.31,2.6,1.52,0.0,0.0,0.0
40.0,30.0,0.0,0.0,0.0,0.0,0.0,0.0,0.0,30.0,0.0,0.0
0.0,0.0,0.0,0.0,0.0,0.0,53.8,0.0,0.0,0.0,44.0,2.2
35.0,20.0,15.0,0.0,0.0,0.0,0.0,0.0,15.0,15.0,0.0,0.0
57.1,4.8,0.0,0.0,0.0,0.0,19.05,0.0,19.05,0.0,0.0,0.0
75.0,0.0,6.25,0.0,0.0,0.0,18.75,0.0,0.0,0.0,0.0,0.0
0.0,0.0,0.0,0.0,39.0,0.0,5.0,0.0,0.0,0.0,56.0,0.0
0.0,0.0,0.0,0.0,20.0,0.0,0.0,0.0,0.0,20.0,60.0,0.0
62.0,0.0,0.0,0.0,0.0,0.0,0.0,33.3,0.0,4.7,0.0,0.0
74.59,0.0,0.41,0.0,0.022000000000000002,0.0,24.57,0.0,0.0,0.4,0.0,0.0
66.7,0.0,0.0,0.0,0.0,0.0,33.3,0.0,0.0,0.0,0.0,0.0
87.28,0.0,6.29,0.0,0.0,0.0,1.29,5.08,0.0,0.0,0.0,0.063
65.0,0.0,5.0,0.0,0.0,0.0,12.0,0.0,18.0,0.0,0.0,0.0
52.57,0.0,27.51,0.0,0.0,0.0,0.0,0.0,9.78,10.14,0.0,0.0
71.4,0.0,0.0,0.0,0.0,0.0,23.8,0.0,0.0,4.8,0.0,0.0
37.48,0.0,0.0,0.0,0.0,0.0,37.54,0.0,0.0,24.98,0.0,0.0
37.6,42.42,0.0,0.0,0.0,0.0,0.0,19.98,0.0,0.0,0.0,0.0
0.0,0.0,0.0,0.0,0.0,0.0,45.0,0.0,5.0,0.0,50.0,0.0
75.0,0.0,0.0,0.0,0.0,0.0,20.0,5.0,0.0,0.0,0.0,0.0
0.0,0.0,8.0,4.9,0.0,0.0,21.4,0.0,0.0,25.7,40.0,0.0
77.77,0.0,11.1,0.0,0.0,0.0,11.13,0.0,0.0,0.0,0.0,0.0
35.2,0.0,1.8,0.0,0.0,0.0,0.0,7.9,0.0,0.0,55.1,0.0
0.0,0.0,0.0,94.52,0.0,0.0,0.0,0.0,0.0,1.72,3.76,0.0
21.0,0.0,38.0,0.0,0.0,0.0,0.0,0.0,0.0,41.0,0.0,0.0
20.0,0.0,32.0,0.0,0.0,0.0,0.0,0.0,0.0,48.0,0.0,0.0
48.0,0.0,20.0,0.0,0.0,0.0,16.0,0.0,0.0,16.0,0.0,0.0
50.0,0.0,17.5,0.0,0.0,0.0,32.5,0.0,0.0,0.0,0.0,0.0
100.0,0.0,0.0,0.0,0.0,0.0,0.0,0.0,0.0,0.0,0.0,0.0
66.98,0.0,16.59,0.0,0.0,0.0,16.43,0.0,0.0,0.0,0.0,0.0
18.86,0.0,40.74,0.0,0.0,0.0,0.0,0.0,0.0,40.4,0.0,0.0
0.0,0.0,0.0,0.0,5.0,0.0,32.0,0.0,0.0,0.0,63.0,0.0
88.9,0.0,0.0,0.0,0.0,0.0,0.0,11.1,0.0,0.0,0.0,0.0
92.5,0.0,0.0,0.0,0.0,0.0,7.5,0.0,0.0,0.0,0.0,0.0
79.92,0.0,0.0,0.0,0.0,0.0,10.28,9.8,0.0,0.0,0.0,0.0
0.0,4.7,0.0,0.0,0.0,0.0,9.61,0.0,0.0,35.14,50.55,0.0
65.5,0.0,19.0,0.0,0.0,0.0,15.5,0.0,0.0,0.0,0.0,0.0
73.2,0.0,0.0,0.0,0.0,0.0,12.48,0.0,0.0,14.32,0.0,0.0
97.7,0.0,0.0,0.0,0.0,0.0,0.0,2.3,0.0,0.0,0.0,0.0
69.6,0.0,5.1,0.0,0.0,0.0,25.3,0.0,0.0,0.0,0.0,0.0
0.0,0.0,0.0,0.0,20.0,0.0,0.0,0.0,0.0,20.0,60.0,0.0
72.5,0.0,0.0,0.0,7.5,0.0,20.0,0.0,0.0,0.0,0.0,0.0
0.0,0.0,0.0,0.0,0.0,0.0,30.0,0.0,0.0,0.0,70.0,0.0
69.97,0.0,2.98,0.0,0.83,0.0,0.0,7.92,3.76,14.54,0.0,0.0
100.0,0.0,0.0,0.0,0.0,0.0,0.0,0.0,0.0,0.0,0.0,0.0
70.57,5.89,0.0,0.0,0.0,0.0,23.54,0.0,0.0,0.0,0.0,0.0
80.0,0.0,8.0,0.0,0.0,0.0,0.0,0.0,0.0,12.0,0.0,0.0
60.0,0.0,16.0,0.0,0.0,0.0,16.0,0.0,2.0,0.0,6.0,0.0
60.0,0.0,0.0,0.0,0.0,0.0,40.0,0.0,0.0,0.0,0.0,0.0
61.0,0.0,25.2,0.0,0.0,0.0,13.8,0.0,0.0,0.0,0.0,0.0
70.0,0.0,2.5,0.0,0.0,0.0,13.2,0.6,12.3,1.4,0.0,0.0
70.97,0.0,0.0,0.0,0.0,0.0,29.03,0.0,0.0,0.0,0.0,0.0
0.0,0.0,0.0,0.0,0.0,0.0,15.0,0.0,0.0,40.0,45.0,0.0
100.0,0.0,0.0,0.0,0.0,0.0,0.0,0.0,0.0,0.0,0.0,0.0
0.0,0.0,0.0,0.0,0.0,0.0,29.81,0.0,0.0,0.0,69.56,0.63
47.08,0.0,0.0,0.0,0.0,0.0,0.0,0.0,0.0,52.92,0.0,0.0
35.2,0.0,19.6,0.0,0.0,0.0,0.0,0.0,0.0,45.2,0.0,0.0
46.15,0.0,28.21,0.0,0.0,0.0,0.0,0.0,0.0,25.64,0.0,0.0
100.0,0.0,0.0,0.0,0.0,0.0,0.0,0.0,0.0,0.0,0.0,0.0
0.0,0.0,0.0,0.0,0.0,0.0,50.0,0.0,0.0,0.0,50.0,0.0
0.0,0.0,0.0,0.0,30.0,0.0,0.0,0.0,0.0,0.0,70.0,0.0
50.0,0.0,3.21,0.0,0.0,0.0,0.0,0.0,0.0,46.79,0.0,0.0
80.3,0.0,0.0,0.0,0.0,0.0,0.0,19.7,0.0,0.0,0.0,0.0
72.5,0.0,6.2,0.0,0.0,0.0,12.8,0.0,8.5,0.0,0.0,0.0
75.5,0.3,8.5,0.0,0.0,0.0,11.3,1.1,2.8,0.5,0.0,0.0
61.65,0.023,12.11,0.0,0.066,0.0,1.5,0.0,15.25,9.41,0.0,0.0
0.0,0.0,0.0,0.0,14.0,0.0,32.0,0.0,0.0,0.0,54.0,0.0
13.57,56.14,0.0,0.0,0.0,0.0,0.0,30.29,0.0,0.0,0.0,0.0
82.13,0.14,9.1,0.66,0.0,0.07400000000000001,3.63,2.87,0.3,1.1,0.0,0.0
50.0,0.0,0.0,0.0,10.0,10.0,0.0,0.0,0.0,30.0,0.0,0.0
50.0,0.0,25.0,0.0,0.0,0.0,25.0,0.0,0.0,0.0,0.0,0.0
0.0,0.0,25.92,0.0,0.0,0.0,37.04,0.0,0.0,0.0,37.04,0.0
54.81,2.87,7.05,12.21,0.0,0.0,2.99,0.47,6.39,10.61,2.59,0.0
72.08,0.0,0.0,0.0,0.37,0.0,15.21,0.0,6.07,6.28,0.0,0.0
54.44,0.0,23.74,0.0,0.0,0.0,0.0,0.0,0.0,21.83,0.0,0.0
74.48,0.0,4.17,0.0,1.16,0.0,0.0,9.73,0.99,9.47,0.0,0.0
50.0,0.0,0.0,0.0,10.0,0.0,0.0,0.0,0.0,40.0,0.0,0.0
78.15,0.0,2.01,0.0,0.0,0.0,14.9,0.0,4.94,0.0,0.0,0.0
75.06,0.0,0.0,0.0,0.0,0.0,7.4,17.54,0.0,0.0,0.0,0.0
58.07,10.66,0.0,0.0,0.0,0.0,13.4,0.0,0.0,17.87,0.0,0.0
0.0,0.0,12.64,0.0,0.0,0.0,39.12,0.0,0.0,0.0,48.24,0.0
0.0,0.0,0.0,0.0,0.0,0.0,40.0,0.0,0.0,10.0,50.0,0.0
50.0,0.0,23.7,0.0,0.0,0.0,0.0,0.0,0.0,26.3,0.0,0.0
67.79,0.0,0.0,0.0,0.0,0.0,32.21,0.0,0.0,0.0,0.0,0.0
70.3,0.0,3.1,0.0,0.0,0.0,13.3,0.0,12.8,0.5,0.0,0.0
50.0,0.0,0.0,0.0,0.0,0.0,0.0,0.0,0.0,50.0,0.0,0.0
55.0,0.0,0.0,0.0,0.0,0.0,0.0,10.0,30.0,5.0,0.0,0.0
58.0,0.0,0.0,0.0,0.0,0.0,0.0,0.0,0.0,42.0,0.0,0.0
79.93,0.0,0.0,0.0,1.95,0.0,18.11,0.0,0.0,0.0,0.0,0.0
74.04,0.0,0.12,0.0,0.0,0.0,12.77,0.0,0.0,13.07,0.0,0.0
70.39,0.0,5.94,0.0,0.0,0.0,6.72,0.0,5.16,11.79,0.0,0.0
82.0,0.0,0.0,0.0,2.0,0.0,16.0,0.0,0.0,0.0,0.0,0.0
0.0,12.5,21.4,0.0,0.0,0.0,0.0,42.8,0.0,0.0,23.3,0.0
60.5,0.0,17.0,0.0,0.0,0.0,10.0,4.5,0.0,8.0,0.0,0.0
58.0,0.0,9.0,0.0,0.0,0.0,0.0,0.0,0.0,33.0,0.0,0.0
50.0,30.0,0.0,0.0,0.0,0.0,20.0,0.0,0.0,0.0,0.0,0.0
60.0,0.0,0.0,0.0,0.0,2.0,5.0,0.0,13.0,20.0,0.0,0.0
0.0,0.0,4.76,0.0,0.0,0.0,47.62,0.0,0.0,0.0,47.62,0.0
10.0,0.0,36.0,0.0,0.0,0.0,0.0,0.0,0.0,54.0,0.0,0.0
50.8,0.0,8.0,0.0,0.0,0.0,0.0,0.0,41.2,0.0,0.0,0.0
70.0,0.0,5.0,0.0,0.0,0.0,10.0,0.0,13.5,1.5,0.0,0.0
60.61,0.0,0.9,0.0,0.0,0.0,0.0,0.0,0.0,0.0,38.49,0.0
37.9,0.0,20.7,0.0,0.0,0.0,0.0,0.0,0.0,31.0,10.4,0.0
68.99,0.0,0.0,0.0,0.0,0.0,16.72,0.0,14.29,0.0,0.0,0.0
78.9,0.0,2.43,0.0,0.0,0.0,14.5,2.63,1.54,0.0,0.0,0.0
0.0,0.0,0.0,0.0,3.0,0.0,17.0,0.0,0.0,30.0,50.0,0.0
72.2,0.0,6.0,0.0,0.0,0.0,18.0,0.0,0.0,0.0,0.0,3.8
71.43,0.0,0.0,0.0,0.0,0.0,22.62,0.0,0.0,5.95,0.0,0.0
80.0,0.0,0.0,0.0,0.0,0.0,0.0,20.0,0.0,0.0,0.0,0.0
56.5,0.0,0.0,0.0,12.4,0.0,31.1,0.0,0.0,0.0,0.0,0.0
0.0,70.0,0.0,0.0,0.0,0.0,0.0,0.0,0.0,0.0,30.0,0.0
69.19,0.0,0.0,0.0,0.0,0.0,21.09,0.0,4.42,5.3,0.0,0.0
60.12,0.0,0.0,0.0,0.0,0.0,23.67,0.0,0.0,16.21,0.0,0.0
75.0,0.0,0.0,0.0,0.0,0.0,15.0,0.0,0.0,10.0,0.0,0.0
64.02,14.66,0.0,0.0,0.0,0.0,0.0,21.32,0.0,0.0,0.0,0.0
0.0,0.0,0.0,14.1,30.1,0.0,0.0,0.0,0.0,0.0,55.8,0.0
0.0,0.0,15.4,0.0,0.0,0.0,0.0,39.95,0.0,0.0,44.66,0.0
53.74,20.21,0.0,0.0,0.0,0.0,26.05,0.0,0.0,0.0,0.0,0.0
0.0,0.0,0.0,0.0,0.0,0.0,0.0,0.0,50.0,0.0,50.0,0.0
72.43,0.0,0.0,0.0,0.0,3.79,13.29,0.0,0.0,10.49,0.0,0.0
14.29,0.0,42.86,0.0,0.0,0.0,0.0,0.0,0.0,42.86,0.0,0.0
99.94,0.0,0.059000000000000004,0.0,0.0,0.0,0.0,0.0,0.0,0.0,0.0,0.0
0.0,0.0,0.0,0.0,0.0,0.0,0.0,0.0,25.0,0.0,75.0,0.0
35.0,30.0,0.0,0.0,0.0,0.0,35.0,0.0,0.0,0.0,0.0,0.0
45.7,0.0,0.0,0.0,0.0,0.0,21.34,0.0,0.0,30.81,2.15,0.0
78.08,0.0,1.19,0.0,0.0,0.0,14.04,0.65,6.04,0.0,0.0,0.0
0.0,0.0,0.0,0.0,0.0,0.0,15.0,15.0,0.0,20.0,50.0,0.0
61.98,0.0,7.59,0.0,0.0,0.0,0.0,0.0,0.0,30.43,0.0,0.0
75.1,0.0,0.18,0.0,0.034,0.0,15.53,0.0,0.39,8.76,0.0,0.0
9.1,0.0,0.0,0.0,0.0,0.0,0.0,0.0,0.0,49.6,41.3,0.0
76.0,0.0,0.0,0.0,0.0,0.0,14.0,0.0,10.0,0.0,0.0,0.0
77.3,0.0,0.0,0.0,0.0,0.0,14.97,0.0,0.0,7.73,0.0,0.0
59.32,0.0,9.61,0.0,0.0,0.0,9.07,0.98,0.0,0.0,0.0,21.02
16.84,0.0,0.0,83.16,0.0,0.0,0.0,0.0,0.0,0.0,0.0,0.0
69.85,0.0,20.59,0.0,0.0,0.0,0.0,0.0,0.0,0.0,9.56,0.0
70.0,0.0,15.0,0.0,0.0,0.0,0.0,0.0,0.0,15.0,0.0,0.0
69.92,0.0,0.0,0.0,0.0,0.0,27.48,2.6,0.0,0.0,0.0,0.0
75.0,0.0,0.0,0.0,0.0,0.0,20.0,0.0,0.0,5.0,0.0,0.0
68.49,0.0,1.47,0.05,0.0,0.0,17.31,0.0,0.13,12.55,0.0,0.0
70.0,1.02,6.03,4.4,0.88,0.098,1.81,0.36,7.92,7.38,0.1,0.0
64.47,3.4,13.41,0.0,0.0,0.0,18.72,0.0,0.0,0.0,0.0,0.0
100.0,0.0,0.0,0.0,0.0,0.0,0.0,0.0,0.0,0.0,0.0,0.0
48.0,0.0,0.0,0.0,0.0,0.0,0.0,0.0,0.0,52.0,0.0,0.0
0.0,0.0,0.87,0.0,35.37,0.0,0.0,0.0,0.0,0.0,63.76,0.0
50.0,0.0,25.0,0.0,0.0,0.0,0.0,0.0,0.0,25.0,0.0,0.0
71.84,0.0,0.3,0.0,0.0,0.0,12.63,0.0,6.11,9.12,0.0,0.0
61.42,0.76,9.3,0.0,0.0,0.0,0.0,0.0,15.3,13.22,0.0,0.0
70.0,0.0,0.0,0.0,0.0,0.0,15.0,0.0,0.0,15.0,0.0,0.0
72.13,0.0,1.26,0.0,0.03,0.0,13.53,0.0,11.01,2.03,0.0,0.0
65.41,0.66,12.72,0.0,0.0,0.0,10.03,5.28,3.1,2.8,0.0,0.0
30.0,0.0,15.0,0.0,0.0,0.0,0.0,0.0,20.0,35.0,0.0,0.0
3.6,0.0,0.0,0.0,0.0,0.0,0.0,0.0,55.2,0.0,41.2,0.0
60.5,0.0,17.1,0.0,0.0,0.0,9.9,4.6,2.6,5.3,0.0,0.0
72.5,15.0,0.0,0.0,0.0,0.0,12.5,0.0,0.0,0.0,0.0,0.0
0.0,0.0,10.0,0.0,0.0,0.0,0.0,15.0,15.0,0.0,60.0,0.0
0.0,0.0,31.9,0.0,0.0,0.0,0.0,0.0,0.0,0.0,68.1,0.0
50.42,13.34,0.0,0.0,0.0,0.0,36.24,0.0,0.0,0.0,0.0,0.0
75.0,0.0,0.0,0.0,0.0,0.0,25.0,0.0,0.0,0.0,0.0,0.0
52.86,0.0,0.0,0.0,0.0,0.0,39.05,0.0,0.0,8.09,0.0,0.0
100.0,0.0,0.0,0.0,0.0,0.0,0.0,0.0,0.0,0.0,0.0,0.0
60.0,0.0,0.0,0.0,0.0,8.0,5.0,0.0,7.0,20.0,0.0,0.0
100.0,0.0,0.0,0.0,0.0,0.0,0.0,0.0,0.0,0.0,0.0,0.0
70.0,0.0,10.0,0.0,0.0,0.0,20.0,0.0,0.0,0.0,0.0,0.0
76.83,0.52,6.75,4.99,0.0,0.0,1.17,1.41,5.72,2.61,0.0,0.0
60.31,0.0,4.49,0.0,0.0,0.0,1.7,0.0,13.77,19.73,0.0,0.0
70.9,0.023,0.0,0.0,0.0,0.0,14.29,0.0,0.42,14.36,0.013000000000000001,0.0
75.0,0.0,0.0,0.0,0.0,0.0,10.0,0.0,0.0,15.0,0.0,0.0
60.0,0.0,13.0,0.0,0.0,0.0,0.0,0.0,0.0,27.0,0.0,0.0
64.0,0.0,13.0,0.0,0.0,0.0,17.0,0.0,0.0,6.0,0.0,0.0
72.0,0.0,0.0,0.0,0.0,0.0,15.0,13.0,0.0,0.0,0.0,0.0
67.0,0.0,0.0,0.0,0.0,0.0,33.0,0.0,0.0,0.0,0.0,0.0
0.0,0.0,0.0,0.0,32.0,0.0,5.0,15.0,0.0,0.0,48.0,0.0
72.09,0.0,0.0,0.0,0.0,0.0,27.91,0.0,0.0,0.0,0.0,0.0
17.5,0.0,33.0,0.0,0.0,0.0,0.0,0.0,0.0,49.5,0.0,0.0
56.96,1.08,12.64,0.0,0.0,0.0,3.82,0.71,13.11,11.65,0.0,0.035
84.8,0.0,0.0,0.0,0.0,0.0,15.2,0.0,0.0,0.0,0.0,0.0
0.0,0.0,0.0,0.0,0.0,0.0,0.0,0.0,0.0,50.0,50.0,0.0
73.6,0.0,5.3,0.0,0.0,0.0,0.0,21.1,0.0,0.0,0.0,0.0
66.6,0.0,16.6,0.0,0.0,0.0,0.0,0.0,0.0,16.8,0.0,0.0
65.2,0.0,0.0,0.0,0.0,0.0,0.0,17.4,0.0,17.4,0.0,0.0
100.0,0.0,0.0,0.0,0.0,0.0,0.0,0.0,0.0,0.0,0.0,0.0
20.0,50.0,0.0,0.0,0.0,0.0,30.0,0.0,0.0,0.0,0.0,0.0
33.0,0.0,25.1,0.0,0.0,0.0,0.0,0.0,0.0,41.9,0.0,0.0
29.46,0.0,0.0,60.28,0.0,0.0,0.0,0.0,0.0,10.26,0.0,0.0
69.4,0.61,10.75,0.0,0.0,0.0,13.41,0.0,5.32,0.51,0.0,0.0
31.25,0.0,0.0,0.0,0.0,0.0,68.75,0.0,0.0,0.0,0.0,0.0
79.97,0.0,0.0,0.0,0.0,0.0,20.03,0.0,0.0,0.0,0.0,0.0
0.0,0.0,0.98,0.0,0.0,28.2,0.0,19.97,0.0,0.0,50.85,0.0
60.0,0.0,0.0,0.0,5.0,5.0,0.0,0.0,0.0,30.0,0.0,0.0
48.05,0.0,18.88,0.0,0.0,0.0,0.0,0.0,15.92,17.16,0.0,0.0
66.7,0.0,7.4,0.0,0.0,0.0,18.5,0.0,0.0,7.4,0.0,0.0
100.0,0.0,0.0,0.0,0.0,0.0,0.0,0.0,0.0,0.0,0.0,0.0
69.73,0.0,0.0,0.0,0.0,0.0,14.91,0.0,0.0,13.19,2.17,0.0
64.93,0.0,9.26,0.0,0.0,0.0,0.0,0.0,0.0,25.81,0.0,0.0
61.0,0.0,0.0,0.0,0.0,0.0,39.0,0.0,0.0,0.0,0.0,0.0
69.0,0.0,1.52,0.0,0.03,0.0,13.24,0.0,2.87,13.34,0.0,0.0
70.0,0.0,10.0,0.0,0.0,0.0,20.0,0.0,0.0,0.0,0.0,0.0
72.9,0.0,0.0,0.0,0.0,0.0,19.5,0.0,0.0,7.6,0.0,0.0
74.07,0.0,0.0,0.0,0.0,0.0,12.35,0.0,0.0,13.58,0.0,0.0
56.76,0.0,0.0,0.0,0.0,0.0,0.0,24.42,0.0,18.82,0.0,0.0
77.24,0.0,0.0,0.0,4.04,0.0,18.72,0.0,0.0,0.0,0.0,0.0
55.02,0.0,0.0,0.0,0.0,0.0,0.0,21.61,0.0,23.37,0.0,0.0
100.0,0.0,0.0,0.0,0.0,0.0,0.0,0.0,0.0,0.0,0.0,0.0
61.32,0.0,0.0,0.0,0.0,0.0,10.02,1.79,10.77,13.55,2.55,0.0
68.0,0.0,0.0,0.0,0.0,0.0,22.0,0.0,0.0,10.0,0.0,0.0
50.95,0.0,0.0,0.0,0.0,0.0,0.0,0.0,16.42,32.63,0.0,0.0
50.06,0.0,12.51,0.0,0.0,0.0,0.0,0.0,12.84,24.6,0.0,0.0
32.56,38.0,0.0,0.0,0.0,0.0,17.41,0.0,0.0,12.03,0.0,0.0
0.0,0.0,0.0,0.0,4.6,0.0,16.3,0.0,23.5,16.3,39.3,0.0
48.0,0.0,0.0,0.0,0.0,37.0,15.0,0.0,0.0,0.0,0.0,0.0
56.91,0.14,7.56,1.09,4.08,0.0,0.68,0.33,10.61,18.59,0.0,0.0
88.24,0.0,0.0,0.0,0.0,0.0,8.23,3.53,0.0,0.0,0.0,0.0
38.57,1.57,7.99,0.0,0.0,0.0,0.0,0.0,11.66,40.21,0.0,0.0
0.0,0.0,0.0,0.0,28.0,0.0,7.0,0.0,0.0,0.0,65.0,0.0
0.0,0.0,10.0,0.0,0.0,0.0,40.0,0.0,0.0,0.0,50.0,0.0
0.0,0.0,1.3,0.0,0.0,0.0,0.0,0.0,0.0,34.2,64.5,0.0
65.0,20.0,0.0,0.0,0.0,0.0,15.0,0.0,0.0,0.0,0.0,0.0
45.23,0.0,0.0,0.0,0.0,0.0,23.87,0.0,0.0,29.62,1.28,0.0
0.0,0.0,0.0,0.0,3.0,0.0,12.0,0.0,24.0,16.0,45.0,0.0
28.8,0.0,0.0,14.41,0.0,56.79,0.0,0.0,0.0,0.0,0.0,0.0
66.7,0.0,0.0,0.0,0.0,0.0,16.6,16.7,0.0,0.0,0.0,0.0
50.66,0.0,0.0,0.0,0.0,0.0,0.0,0.0,24.03,25.31,0.0,0.0
50.2,0.0,0.0,0.0,0.0,0.0,0.0,0.0,33.1,16.7,0.0,0.0
60.0,10.0,10.0,0.0,0.0,0.0,10.0,0.0,0.0,10.0,0.0,0.0
65.0,0.0,0.0,0.0,15.0,0.0,20.0,0.0,0.0,0.0,0.0,0.0
46.09,0.78,9.83,0.0,0.0,0.0,2.85,0.41,19.86,8.95,0.0,11.23
0.0,0.0,0.0,0.0,0.0,0.0,0.0,0.0,25.0,25.0,50.0,0.0
40.0,0.0,15.0,0.0,0.0,0.0,0.0,0.0,0.0,45.0,0.0,0.0
0.0,0.0,0.0,0.0,0.0,0.0,0.0,0.0,0.0,49.6,50.4,0.0
69.5,0.0,5.2,0.0,0.0,0.0,9.8,3.3,12.2,0.0,0.0,0.0
60.0,0.0,8.0,0.0,0.0,0.0,22.0,0.0,10.0,0.0,0.0,0.0
100.0,0.0,0.0,0.0,0.0,0.0,0.0,0.0,0.0,0.0,0.0,0.0
75.02,0.0,0.0,0.0,0.0,0.0,14.98,0.0,10.0,0.0,0.0,0.0
53.11,18.28,0.0,0.0,0.0,0.0,12.26,0.0,0.0,16.35,0.0,0.0
66.6,0.0,0.0,0.0,10.0,9.0,14.4,0.0,0.0,0.0,0.0,0.0
41.4,0.0,17.2,0.0,0.0,0.0,0.0,0.0,0.0,31.0,10.4,0.0
0.0,0.0,0.0,0.0,0.0,0.0,0.0,49.99,9.91,0.0,40.1,0.0
64.48,0.0,0.0,0.0,0.0,0.0,26.2,0.0,7.32,2.0,0.0,0.0
30.0,0.0,0.0,0.0,15.0,0.0,0.0,0.0,0.0,55.0,0.0,0.0
59.03,0.0,0.99,0.0,0.0,0.0,11.04,10.96,2.51,15.47,0.0,0.0
63.96,20.04,0.0,0.0,0.0,0.0,16.0,0.0,0.0,0.0,0.0,0.0
10.0,0.0,38.57,0.0,0.0,0.0,0.0,0.0,0.0,51.43,0.0,0.0
78.3,5.5,0.0,0.0,0.0,0.0,15.6,0.0,0.0,0.6,0.0,0.0
69.34,0.0,7.26,0.0,0.0,0.0,4.11,3.3,0.0,0.0,0.0,15.99
78.0,0.0,2.0,0.0,0.0,0.0,15.0,0.0,0.0,5.0,0.0,0.0
75.0,0.0,0.0,0.0,0.0,0.0,25.0,0.0,0.0,0.0,0.0,0.0
15.0,0.0,28.3,0.0,0.0,0.0,0.0,0.0,0.0,56.7,0.0,0.0
65.0,0.0,7.1,0.0,0.0,0.0,13.6,1.9,5.5,6.9,0.0,0.0
62.58,0.0,8.75,0.0,0.0,0.0,0.0,0.0,4.44,24.23,0.0,0.0
71.51,0.0,0.0,0.0,1.9,0.0,16.11,0.0,0.0,10.48,0.0,0.0
45.0,10.0,0.0,0.0,0.0,0.0,0.0,0.0,0.0,45.0,0.0,0.0
64.49,0.0,0.0,0.0,0.0,0.0,0.0,25.84,0.0,9.67,0.0,0.0
75.21,0.0,12.64,0.0,0.0,0.0,12.15,0.0,0.0,0.0,0.0,0.0
49.4,0.0,8.3,0.0,0.0,0.0,0.0,0.0,0.0,42.3,0.0,0.0
72.0,0.0,0.0,0.0,12.0,0.0,16.0,0.0,0.0,0.0,0.0,0.0
70.0,0.0,0.0,0.0,0.0,0.0,18.8,0.0,11.2,0.0,0.0,0.0
0.0,0.0,2.5,0.0,0.0,0.0,0.0,0.0,51.5,0.0,46.0,0.0
5.0,5.0,0.0,0.0,0.0,0.0,0.0,0.0,0.0,40.0,50.0,0.0
70.0,0.0,16.67,0.0,0.0,0.0,0.0,0.0,0.0,13.33,0.0,0.0
0.0,0.0,4.0,0.0,0.0,0.0,56.0,0.0,0.0,0.0,40.0,0.0
75.77,0.0,0.44,0.0,0.019,0.0,18.97,0.0,4.8,0.0,0.0,0.0
62.92,0.0,37.08,0.0,0.0,0.0,0.0,0.0,0.0,0.0,0.0,0.0
71.61,0.0,11.62,0.0,0.0,0.0,0.042,10.9,0.0,0.0,0.0,5.82
68.14,0.0,0.084,0.0,11.1,0.0,20.68,0.0,0.0,0.0,0.0,0.0
74.99,0.0,0.0,0.0,0.0,0.0,25.0,0.01,0.0,0.0,0.0,0.0
74.82,0.0,0.0,0.0,0.0,0.0,14.26,0.0,0.0,10.92,0.0,0.0
67.8,0.6,10.5,0.0,0.0,0.0,13.1,2.3,5.2,0.5,0.0,0.0
89.88,0.0,0.0,0.0,0.0,0.0,0.0,10.12,0.0,0.0,0.0,0.0
80.0,0.0,0.0,0.0,0.0,0.0,20.0,0.0,0.0,0.0,0.0,0.0
0.0,0.0,0.0,0.0,0.0,0.0,0.0,0.0,45.0,0.0,55.0,0.0
76.0,0.0,2.0,0.0,0.0,0.0,13.0,1.0,4.0,4.0,0.0,0.0
45.0,0.0,0.0,0.0,0.0,0.0,0.0,0.0,0.0,55.0,0.0,0.0
0.0,0.0,13.42,0.0,0.0,0.0,23.23,0.0,0.0,0.0,63.35,0.0
0.0,30.0,0.0,0.0,0.0,0.0,40.0,0.0,0.0,0.0,30.0,0.0
70.65,0.0,0.0,0.0,0.0,0.0,23.55,0.0,0.0,0.0,0.0,5.8
79.99,0.0,10.0,0.0,0.0,0.0,3.01,7.0,0.0,0.0,0.0,0.0
65.0,0.0,0.0,0.0,0.0,0.0,9.0,26.0,0.0,0.0,0.0,0.0
75.0,0.0,0.0,0.0,0.0,0.0,3.0,10.0,12.0,0.0,0.0,0.0
25.65,0.0,0.0,0.0,0.0,0.0,8.55,0.0,0.0,0.0,0.0,65.8
100.0,0.0,0.0,0.0,0.0,0.0,0.0,0.0,0.0,0.0,0.0,0.0
67.87,0.0,0.0,0.0,0.0,0.0,18.87,0.0,7.29,5.97,0.0,0.0
70.0,0.0,9.0,0.0,0.0,0.0,14.0,0.0,7.0,0.0,0.0,0.0
0.0,0.0,0.0,0.0,0.0,0.0,19.5,3.0,0.0,30.5,47.0,0.0
72.08,0.0,1.3,0.0,0.0,0.3,17.52,3.9,0.0,4.9,0.0,0.0
43.19,37.13,0.0,0.0,0.0,0.0,0.0,19.68,0.0,0.0,0.0,0.0
40.0,0.0,20.0,0.0,0.0,0.0,0.0,0.0,0.0,40.0,0.0,0.0
0.0,0.0,0.0,0.0,0.0,0.0,0.0,0.0,12.5,37.5,50.0,0.0
53.91,0.0,0.0,0.0,0.0,0.0,30.34,0.0,0.0,15.75,0.0,0.0
59.99,0.0,20.0,0.0,0.0,0.0,20.0,0.0,0.0,0.0,0.0,0.0
0.0,0.0,0.0,0.0,4.4,0.0,48.7,0.0,0.0,0.0,46.9,0.0
57.78,0.0,2.94,0.0,0.0,0.0,39.28,0.0,0.0,0.0,0.0,0.0
75.0,0.0,0.0,0.0,0.0,0.0,10.0,0.0,0.0,15.0,0.0,0.0
